1	2	1
1	5	1
1	6	1
1	11	1
1	22	1
1	26	1
1	33	1
1	38	1
1	41	1
1	48	1
1	51	1
1	57	1
1	62	1
1	64	1
1	66	1
1	74	1
1	79	1
1	80	2
1	82	1
1	87	1
1	89	1
1	91	1
1	94	1
1	103	1
2	3	2
2	4	2
2	5	1
2	7	2
2	9	5
2	11	1
2	12	7
2	13	5
2	17	3
2	19	3
2	20	2
2	21	1
2	25	1
2	27	2
2	29	6
2	30	1
2	31	4
2	32	1
2	33	1
2	34	2
2	38	2
2	39	1
2	40	2
2	41	8
2	42	4
2	47	2
2	48	3
2	50	4
2	51	2
2	52	2
2	53	1
2	54	2
2	55	2
2	56	2
2	57	10
2	59	1
2	61	1
2	62	2
2	63	3
2	65	1
2	67	5
2	68	2
2	69	1
2	70	5
2	72	1
2	74	1
2	75	7
2	77	2
2	80	16
2	81	8
2	84	3
2	85	3
2	86	1
2	87	2
2	91	1
2	92	2
2	93	13
2	94	2
2	95	2
2	96	4
2	97	1
2	98	2
2	102	2
2	104	3
2	105	1
2	107	1
2	108	1
2	109	2
3	12	1
3	28	1
3	30	1
3	34	1
3	39	1
3	40	1
3	51	2
3	52	1
3	53	1
3	55	1
3	58	1
3	63	1
3	66	1
3	68	1
3	77	1
3	80	1
3	88	1
3	91	1
3	92	2
3	94	2
3	97	1
3	101	1
3	105	1
3	107	1
3	108	1
4	12	1
4	13	2
4	33	1
4	40	1
4	42	3
4	50	3
4	55	1
4	57	3
4	63	1
4	66	1
4	67	1
4	68	1
4	70	3
4	74	1
4	75	1
4	84	2
4	85	3
4	92	2
4	93	4
4	109	1
5	7	1
5	17	1
5	18	1
5	33	1
5	34	1
5	38	1
5	43	1
5	44	1
5	47	1
5	48	3
5	49	1
5	51	2
5	57	2
5	62	1
5	66	1
5	70	1
5	74	1
5	80	1
5	83	1
5	84	1
5	90	1
5	91	2
5	93	2
5	94	1
5	98	1
6	12	1
6	13	1
6	16	1
6	24	1
6	28	1
6	30	1
6	33	1
6	37	1
6	38	1
6	43	1
6	44	1
6	45	1
6	59	1
6	66	1
6	68	1
6	76	1
6	77	1
6	79	1
6	81	1
6	88	1
6	89	1
6	98	1
6	103	2
6	108	1
7	8	1
7	9	2
7	12	1
7	13	1
7	24	2
7	25	1
7	29	1
7	31	1
7	32	1
7	36	1
7	41	1
7	44	1
7	46	1
7	49	1
7	51	1
7	52	1
7	56	1
7	57	1
7	66	1
7	70	2
7	71	1
7	79	1
7	80	1
7	81	1
7	86	1
7	88	1
7	90	2
7	91	1
7	98	1
7	103	1
7	104	1
8	9	1
8	17	1
8	18	1
8	27	1
8	31	1
8	37	1
8	41	1
8	42	1
8	48	1
8	49	1
8	51	2
8	52	2
8	53	2
8	56	2
8	57	3
8	58	1
8	59	1
8	60	2
8	61	1
8	62	1
8	63	1
8	70	3
8	76	2
8	86	1
8	91	1
8	97	1
8	102	2
8	108	1
8	109	1
8	110	1
9	12	2
9	17	1
9	18	1
9	19	1
9	20	1
9	25	1
9	29	2
9	31	2
9	41	2
9	42	1
9	44	1
9	47	1
9	51	1
9	52	1
9	53	1
9	55	1
9	57	2
9	60	1
9	63	1
9	69	2
9	70	1
9	75	3
9	80	4
9	81	3
9	83	1
9	87	1
9	91	1
9	94	1
9	95	2
9	96	1
9	110	1
10	16	1
10	25	1
10	33	1
10	40	1
10	41	2
10	42	2
10	45	1
10	46	2
10	47	4
10	61	1
10	62	1
10	66	1
10	70	1
10	72	1
10	74	2
10	80	1
10	83	1
10	86	1
10	97	1
10	102	2
10	105	1
10	109	2
11	12	1
11	18	2
11	20	1
11	25	2
11	26	1
11	38	1
11	41	1
11	48	1
11	55	1
11	57	1
11	63	2
11	66	1
11	68	1
11	74	2
11	75	1
11	80	1
11	82	1
11	84	1
11	92	1
11	103	1
11	109	1
12	13	1
12	19	1
12	20	1
12	24	1
12	30	2
12	31	1
12	34	1
12	40	1
12	41	1
12	42	4
12	47	1
12	51	2
12	54	1
12	55	1
12	56	1
12	57	1
12	63	1
12	69	1
12	71	1
12	72	2
12	80	3
12	81	2
12	85	1
12	86	3
12	87	1
12	92	2
12	93	3
12	94	1
12	96	1
12	97	1
12	102	1
12	104	2
12	107	1
13	14	1
13	16	1
13	18	1
13	19	1
13	22	1
13	23	1
13	24	2
13	28	1
13	29	1
13	30	2
13	32	1
13	33	1
13	38	1
13	40	1
13	41	2
13	42	4
13	50	3
13	51	3
13	52	1
13	55	1
13	57	5
13	62	1
13	63	1
13	66	1
13	67	1
13	68	2
13	70	2
13	73	1
13	75	1
13	76	1
13	77	2
13	79	1
13	80	1
13	82	1
13	84	1
13	85	3
13	86	1
13	88	1
13	91	1
13	93	4
13	99	1
13	103	1
13	104	1
13	107	1
13	108	1
13	109	2
13	110	2
14	15	1
14	16	1
14	24	1
14	27	1
14	33	1
14	38	1
14	42	2
14	55	2
14	56	1
14	59	1
14	62	2
14	66	2
14	82	1
14	91	1
14	92	1
14	102	1
14	103	1
15	16	2
15	19	1
15	25	1
15	26	1
15	36	1
15	42	1
15	46	1
15	47	1
15	49	1
15	56	1
15	59	2
15	61	1
15	66	1
15	70	1
15	75	1
15	78	2
15	83	1
15	88	3
15	92	1
15	98	1
15	100	2
15	102	1
15	103	1
16	26	1
16	28	1
16	30	1
16	32	1
16	33	2
16	42	1
16	56	1
16	59	1
16	66	1
16	68	1
16	72	1
16	77	1
16	78	1
16	80	1
16	83	1
16	86	1
16	88	1
16	92	1
16	98	1
16	100	1
16	102	1
16	103	2
16	108	1
17	19	1
17	22	1
17	24	1
17	25	1
17	27	1
17	29	2
17	34	1
17	41	2
17	42	2
17	44	1
17	45	1
17	48	2
17	49	1
17	51	1
17	53	2
17	54	1
17	55	2
17	57	1
17	69	2
17	75	2
17	76	1
17	80	3
17	81	2
17	83	2
17	86	1
17	88	1
17	91	1
17	93	1
17	98	1
17	104	1
17	108	1
18	22	1
18	25	1
18	26	1
18	42	1
18	44	1
18	47	2
18	48	2
18	51	1
18	57	2
18	60	1
18	62	1
18	63	1
18	68	1
18	84	2
18	93	1
18	97	1
18	103	1
18	109	1
19	20	2
19	21	1
19	23	1
19	25	1
19	30	1
19	36	1
19	37	1
19	38	1
19	41	2
19	42	1
19	43	1
19	46	1
19	47	1
19	51	4
19	54	1
19	55	1
19	57	1
19	61	2
19	62	1
19	66	1
19	75	1
19	78	1
19	80	1
19	81	1
19	88	2
19	94	2
19	95	1
19	100	2
19	102	2
19	104	1
19	105	1
19	110	3
20	23	1
20	40	1
20	49	1
20	51	2
20	57	2
20	63	1
20	73	1
20	75	1
20	80	1
20	87	2
20	92	1
20	94	1
20	99	1
20	110	2
21	27	1
21	30	1
21	35	1
21	38	1
21	41	1
21	43	1
21	51	1
21	62	1
21	65	1
21	66	1
21	70	2
21	72	1
21	74	1
21	80	1
21	81	1
21	94	3
21	95	1
21	100	1
21	102	2
21	106	1
21	109	1
22	24	1
22	25	1
22	33	1
22	42	1
22	44	1
22	48	1
22	49	1
22	51	2
22	64	1
22	69	1
22	83	3
22	84	1
22	87	1
22	88	1
22	89	1
22	91	2
22	93	1
22	98	1
22	106	1
23	31	1
23	39	1
23	40	2
23	51	4
23	55	1
23	56	1
23	63	2
23	79	3
23	88	1
23	91	2
23	92	1
23	99	1
23	106	2
23	107	2
23	110	2
24	25	2
24	26	1
24	31	1
24	32	1
24	33	3
24	35	1
24	36	1
24	40	1
24	41	1
24	42	1
24	44	1
24	47	1
24	49	1
24	52	1
24	54	1
24	55	1
24	57	2
24	62	1
24	69	2
24	71	1
24	72	1
24	73	2
24	74	1
24	76	1
24	79	2
24	83	1
24	86	2
24	88	3
24	90	2
24	91	1
24	94	1
24	97	1
24	98	2
24	102	1
24	103	1
24	104	1
24	106	1
25	27	1
25	28	1
25	31	1
25	32	1
25	36	2
25	42	2
25	44	1
25	46	2
25	47	2
25	48	1
25	49	1
25	54	1
25	55	1
25	61	1
25	63	1
25	69	1
25	70	2
25	74	3
25	78	1
25	80	1
25	81	1
25	83	2
25	86	1
25	88	2
25	90	1
25	94	1
25	96	1
25	98	1
25	100	1
25	103	1
25	108	1
25	109	1
26	35	1
26	40	2
26	44	2
26	55	1
26	57	1
26	63	1
26	66	2
26	68	1
26	73	1
26	74	1
26	78	2
26	79	3
26	83	1
26	84	1
26	88	1
26	89	2
26	90	1
26	94	2
26	97	1
26	98	2
26	99	1
26	100	3
26	102	2
26	103	1
26	104	1
26	106	1
26	109	1
27	28	2
27	30	1
27	33	2
27	48	1
27	53	2
27	54	1
27	62	1
27	64	1
27	65	1
27	76	1
27	80	1
27	81	1
27	90	1
27	93	1
27	98	1
27	102	1
27	108	3
28	30	2
28	33	1
28	39	1
28	42	1
28	51	1
28	54	1
28	55	1
28	60	1
28	62	1
28	68	1
28	77	1
28	88	1
28	90	1
28	103	1
28	108	3
29	31	2
29	37	1
29	41	4
29	42	1
29	69	1
29	70	1
29	72	1
29	75	2
29	80	3
29	81	2
29	86	1
29	92	2
29	93	2
29	95	1
29	102	2
29	104	1
29	110	1
30	33	2
30	35	1
30	39	1
30	41	1
30	45	1
30	51	3
30	55	1
30	62	1
30	64	1
30	66	1
30	68	2
30	76	1
30	77	2
30	79	1
30	80	1
30	85	1
30	86	1
30	88	1
30	89	1
30	90	1
30	93	1
30	94	4
30	98	1
30	99	1
30	100	1
30	102	1
30	103	1
30	104	1
30	105	1
30	108	2
31	37	1
31	39	1
31	40	2
31	41	1
31	42	2
31	46	1
31	47	2
31	51	1
31	62	1
31	63	2
31	69	1
31	70	1
31	71	1
31	74	1
31	75	1
31	80	3
31	81	3
31	94	1
31	95	1
31	96	3
31	98	1
31	100	1
31	102	1
31	104	1
31	110	1
32	36	1
32	63	1
32	86	1
32	90	2
32	103	1
32	106	1
33	34	1
33	35	1
33	36	1
33	40	1
33	41	2
33	42	1
33	49	2
33	53	1
33	54	1
33	60	1
33	63	1
33	65	1
33	66	1
33	68	2
33	69	1
33	70	2
33	71	1
33	72	1
33	73	1
33	77	2
33	80	1
33	83	1
33	84	1
33	86	2
33	88	1
33	91	1
33	93	1
33	94	1
33	98	1
33	103	1
33	107	1
33	108	2
33	109	1
34	35	3
34	40	1
34	42	1
34	48	4
34	51	3
34	53	1
34	55	1
34	56	1
34	57	3
34	60	1
34	63	1
34	64	1
34	65	1
34	67	1
34	71	1
34	78	1
34	80	1
34	83	1
34	87	1
34	91	1
34	92	1
34	93	4
34	102	1
34	107	2
35	36	1
35	48	1
35	51	1
35	55	1
35	57	1
35	60	1
35	64	1
35	71	1
35	73	1
35	74	1
35	79	2
35	90	1
35	91	1
35	94	1
35	97	1
35	104	2
35	106	1
36	46	1
36	47	1
36	61	1
36	66	1
36	78	1
36	79	1
36	86	1
36	88	1
36	90	1
36	100	1
36	103	1
36	104	1
37	38	1
37	41	2
37	43	1
37	44	1
37	52	1
37	57	2
37	59	1
37	70	2
37	76	1
37	79	1
37	88	1
37	98	1
37	102	2
38	41	1
38	42	2
38	43	6
38	44	3
38	45	1
38	52	2
38	55	1
38	57	3
38	62	2
38	65	1
38	66	4
38	67	1
38	70	2
38	74	3
38	75	1
38	76	1
38	78	1
38	79	1
38	80	1
38	82	2
38	83	1
38	86	1
38	88	2
38	89	1
38	92	1
38	93	2
38	94	1
38	98	5
38	100	1
38	102	1
38	105	1
38	109	1
39	40	2
39	51	2
39	55	1
39	56	2
39	57	1
39	63	1
39	66	1
39	88	1
39	96	1
39	98	1
39	102	1
39	106	1
39	108	1
39	109	1
40	41	1
40	42	1
40	44	1
40	45	1
40	46	1
40	47	1
40	48	1
40	49	1
40	51	2
40	55	3
40	58	2
40	62	1
40	63	4
40	66	4
40	68	1
40	70	1
40	72	1
40	73	3
40	74	1
40	77	1
40	78	1
40	79	4
40	80	2
40	87	1
40	88	1
40	89	1
40	91	3
40	92	2
40	93	2
40	94	2
40	98	2
40	99	4
40	100	3
40	101	1
40	102	3
40	105	1
40	107	2
40	110	2
41	42	2
41	45	2
41	46	1
41	47	2
41	48	2
41	54	1
41	57	5
41	60	1
41	61	4
41	62	2
41	64	1
41	66	2
41	68	1
41	69	1
41	70	4
41	71	1
41	72	1
41	74	3
41	75	4
41	77	2
41	80	5
41	81	4
41	82	1
41	86	2
41	87	1
41	92	1
41	94	3
41	95	3
41	96	1
41	98	1
41	102	4
41	105	2
41	109	3
41	110	1
42	43	2
42	44	2
42	46	2
42	47	3
42	49	2
42	50	2
42	51	1
42	54	3
42	55	2
42	56	2
42	57	4
42	59	1
42	60	1
42	61	2
42	62	3
42	63	1
42	65	1
42	66	3
42	68	2
42	69	3
42	70	7
42	72	2
42	74	4
42	75	2
42	80	3
42	81	2
42	82	1
42	83	3
42	84	2
42	85	2
42	86	2
42	87	1
42	88	2
42	90	1
42	92	2
42	93	6
42	96	1
42	98	2
42	100	2
42	102	1
42	103	1
42	104	2
42	105	3
42	107	2
42	109	6
43	44	4
43	45	1
43	57	1
43	62	1
43	65	1
43	66	3
43	70	1
43	74	2
43	76	1
43	78	1
43	79	1
43	83	2
43	86	1
43	88	2
43	89	1
43	92	1
43	94	1
43	98	3
43	100	2
43	102	1
43	105	1
44	45	1
44	46	1
44	47	1
44	49	1
44	57	1
44	63	2
44	66	3
44	69	1
44	71	1
44	76	1
44	78	1
44	79	1
44	83	3
44	86	1
44	88	4
44	89	2
44	90	1
44	92	1
44	98	5
44	100	2
45	47	1
45	57	1
45	59	1
45	61	1
45	64	1
45	66	4
45	72	1
45	75	2
45	76	1
45	78	1
45	80	1
45	81	1
45	83	1
45	89	1
45	92	1
45	94	1
45	95	1
45	102	1
46	47	3
46	61	1
46	62	2
46	70	2
46	71	1
46	74	2
46	78	1
46	83	1
46	88	2
46	90	1
46	97	1
46	98	2
46	100	2
46	102	1
46	109	1
47	48	1
47	51	1
47	54	1
47	57	1
47	61	2
47	62	1
47	63	1
47	66	1
47	70	1
47	71	1
47	74	2
47	76	1
47	78	1
47	80	1
47	81	1
47	83	1
47	84	1
47	88	1
47	91	1
47	93	1
47	96	1
47	97	1
47	100	1
47	101	1
47	102	2
47	104	1
47	105	1
47	109	2
48	51	3
48	53	1
48	55	1
48	57	2
48	62	1
48	63	1
48	65	1
48	67	1
48	76	1
48	77	1
48	78	1
48	80	3
48	83	2
48	84	1
48	93	4
48	106	1
48	107	1
48	108	1
49	58	1
49	59	1
49	69	1
49	70	1
49	73	1
49	75	1
49	76	1
49	79	1
49	83	1
49	87	1
49	88	2
49	91	1
49	94	1
49	98	1
49	99	1
49	109	1
50	57	5
50	67	3
50	68	1
50	70	4
50	74	1
50	75	1
50	80	1
50	84	2
50	85	4
50	92	1
50	93	5
50	109	2
51	55	1
51	56	3
51	57	3
51	63	2
51	64	1
51	65	1
51	67	1
51	68	1
51	70	1
51	75	1
51	77	1
51	78	1
51	79	2
51	80	1
51	83	1
51	84	1
51	85	1
51	86	1
51	87	2
51	88	3
51	89	1
51	91	3
51	92	1
51	93	5
51	95	1
51	99	1
51	104	1
51	106	2
51	107	3
51	108	1
51	110	4
52	57	6
52	59	1
52	60	1
52	67	1
52	70	3
52	75	1
52	92	1
52	93	3
52	94	1
52	98	2
52	101	1
52	102	1
52	105	1
52	109	1
52	110	1
53	55	1
53	56	1
53	65	1
53	69	1
53	76	1
53	91	1
53	92	1
53	93	1
53	102	1
53	108	2
54	55	1
54	72	1
54	75	1
54	80	2
54	81	1
54	86	1
54	88	1
54	98	1
54	104	1
54	108	1
54	109	1
55	58	1
55	62	2
55	63	2
55	65	1
55	66	2
55	69	1
55	73	1
55	74	2
55	79	2
55	80	2
55	81	1
55	82	2
55	88	1
55	90	1
55	91	3
55	92	1
55	93	1
55	94	1
55	97	1
55	104	3
55	106	2
55	107	1
55	108	1
56	57	1
56	59	1
56	63	2
56	70	1
56	74	1
56	76	1
56	87	1
56	91	2
56	92	3
56	93	1
56	96	2
56	98	1
56	102	1
56	103	1
56	106	2
56	107	1
56	109	1
57	59	2
57	60	1
57	61	2
57	62	1
57	63	3
57	64	1
57	66	3
57	67	5
57	68	1
57	70	10
57	74	2
57	75	4
57	76	2
57	78	1
57	79	2
57	80	2
57	82	1
57	83	2
57	84	4
57	85	4
57	86	1
57	87	2
57	88	2
57	89	1
57	91	4
57	92	3
57	93	13
57	94	1
57	96	1
57	98	2
57	100	1
57	101	1
57	102	4
57	105	1
57	106	1
57	109	5
57	110	1
58	63	1
58	66	1
58	76	1
58	79	1
58	91	3
58	107	1
59	66	1
59	70	1
59	75	1
59	81	1
59	84	1
59	88	1
59	91	1
59	92	1
59	103	1
60	62	1
60	70	1
60	71	2
60	90	1
60	97	1
60	110	1
61	62	1
61	64	1
61	70	1
61	72	1
61	74	1
61	75	1
61	78	1
61	88	1
61	95	1
61	100	1
61	102	1
61	105	2
61	109	2
62	64	1
62	65	2
62	66	4
62	70	2
62	74	3
62	79	2
62	80	3
62	82	2
62	87	1
62	89	1
62	91	1
62	94	2
62	97	1
62	98	1
62	99	1
62	100	3
62	102	2
62	104	1
62	105	2
62	109	1
63	67	1
63	68	1
63	70	1
63	74	2
63	76	1
63	79	1
63	80	2
63	84	1
63	86	1
63	88	1
63	89	1
63	91	2
63	92	2
63	93	3
63	94	1
63	96	1
63	98	1
63	99	1
63	105	1
63	106	1
63	107	2
63	110	1
64	66	1
64	70	1
64	72	1
64	74	1
64	75	1
64	87	2
64	90	1
64	91	2
64	95	1
64	98	1
65	67	1
65	70	1
65	74	1
65	78	1
65	82	1
65	93	2
65	94	1
65	104	1
65	105	1
65	106	1
65	107	1
65	108	1
65	109	1
66	70	3
66	73	1
66	74	3
66	76	1
66	78	2
66	79	2
66	80	1
66	81	1
66	82	3
66	83	3
66	87	2
66	88	1
66	89	1
66	91	3
66	92	1
66	93	1
66	94	2
66	97	1
66	98	2
66	100	4
66	102	4
66	104	1
66	107	3
67	70	2
67	74	1
67	75	1
67	78	1
67	80	2
67	84	1
67	85	2
67	92	1
67	93	7
67	98	1
67	107	1
67	109	2
68	70	2
68	75	1
68	77	3
68	80	1
68	84	3
68	85	1
68	86	1
68	93	1
68	94	1
68	103	2
68	105	1
68	107	1
68	108	1
68	109	1
69	75	1
69	81	1
69	83	1
69	86	1
69	88	1
69	91	1
69	92	1
69	93	1
69	95	1
69	96	1
69	98	1
70	72	1
70	73	1
70	74	6
70	75	1
70	83	1
70	84	4
70	85	4
70	86	1
70	87	1
70	91	3
70	92	1
70	93	6
70	94	1
70	95	1
70	98	1
70	99	1
70	102	4
70	105	2
70	107	2
70	109	4
70	110	1
71	73	1
71	86	1
71	87	1
71	88	1
71	90	1
71	98	1
72	75	2
72	79	1
72	80	3
72	86	2
72	87	1
72	93	2
72	95	2
72	102	1
73	74	1
73	76	1
73	79	1
73	87	2
73	88	1
73	90	1
73	91	1
73	93	1
73	94	2
73	97	1
73	99	1
73	104	1
73	106	1
73	107	1
74	75	1
74	79	1
74	80	1
74	82	1
74	83	1
74	84	1
74	85	1
74	87	1
74	90	1
74	92	2
74	93	1
74	94	2
74	97	1
74	98	2
74	100	1
74	101	1
74	104	1
74	105	3
74	106	1
74	109	2
75	80	6
75	81	3
75	84	1
75	85	1
75	86	1
75	87	2
75	88	2
75	93	3
75	95	4
75	96	1
75	98	1
75	101	1
75	105	1
75	109	2
76	79	1
76	87	2
76	88	1
76	91	3
76	94	1
76	96	1
76	98	1
76	100	1
76	101	2
76	108	1
77	80	1
77	94	1
77	103	1
77	108	1
78	79	1
78	83	2
78	88	2
78	89	2
78	92	1
78	93	1
78	98	1
78	99	1
78	100	3
78	102	2
78	107	1
79	80	1
79	82	1
79	88	2
79	89	2
79	90	1
79	91	3
79	92	1
79	93	1
79	94	4
79	97	1
79	98	1
79	99	4
79	100	2
79	101	1
79	102	1
79	104	3
79	105	2
79	106	2
79	107	3
79	110	2
80	81	7
80	82	1
80	86	3
80	87	2
80	89	1
80	93	5
80	94	2
80	95	1
80	96	2
80	99	1
80	100	1
80	102	1
80	104	3
80	105	1
80	109	1
80	110	1
81	86	1
81	94	1
81	95	2
81	96	3
81	102	1
81	104	2
82	104	2
82	107	1
83	84	1
83	88	2
83	89	1
83	92	1
83	93	1
83	98	2
83	100	2
83	102	1
83	106	1
83	109	1
84	85	2
84	86	1
84	91	1
84	92	1
84	93	3
84	103	1
84	105	1
84	107	1
84	109	1
85	86	1
85	92	1
85	93	5
85	104	1
85	109	1
86	88	1
86	90	1
86	93	1
86	98	1
86	103	1
86	104	1
86	105	1
86	107	1
86	109	1
87	91	1
87	93	1
87	94	1
87	97	1
87	99	1
87	100	1
87	101	1
87	107	1
88	90	1
88	93	2
88	98	5
88	100	2
88	102	2
88	108	1
88	109	1
88	110	1
89	91	1
89	92	1
89	94	1
89	98	1
89	99	2
89	100	2
89	102	1
89	103	1
89	105	1
90	93	1
90	94	1
90	97	1
90	98	2
90	103	1
90	104	1
90	106	1
91	93	1
91	94	1
91	96	1
91	98	1
91	99	1
91	101	1
91	102	1
91	106	2
91	107	4
91	110	1
92	93	3
92	94	2
92	99	1
92	101	2
92	103	1
92	105	3
92	106	1
92	110	2
93	98	2
93	102	1
93	104	2
93	105	1
93	107	2
93	108	1
93	109	3
94	96	1
94	97	1
94	99	3
94	100	2
94	101	2
94	102	3
94	104	1
94	105	3
94	106	2
94	109	1
94	110	1
95	96	1
96	104	1
97	102	1
97	104	1
97	106	1
98	100	2
98	102	2
98	106	1
98	109	1
99	100	2
99	101	1
99	102	1
99	105	2
99	107	1
99	110	2
100	101	1
100	102	3
100	105	1
101	105	3
101	110	1
102	109	1
103	108	1
103	109	1
104	106	1
104	107	1
105	107	1
105	109	1
105	110	1
106	107	1
106	109	1
107	110	1
